 Size  Heapsort  Insertion  Quick  Radix  Hybrid  Heapsort Sorted  Insertion Sorted  Quick Sorted  Radix Sorted  Hybrid Sorted 
1 0 0 0 0 0 0 0 0 0 0 0 
2 0 0 0 0 0 0 0 0 0 0 0 
3 0 0 0 0 0 0 0 0 0 0 0 
4 0 0 0 0 0 0 0 0 0 0 0 
5 0 0 0 0 0 0 0 0 0 0 0 
6 0 0 0 0 0 0 0 0 0 0 0 
7 0 0 0 0 0 0 0 0 0 0 0 
8 0 0 0 0 0 0 0 0 0 0 0 
9 0 0 0 0 0 0 0 0 0 0 0 
10 0 0 0 0 0 0 0 0 0 0 0 
20 0 0 0 0 0 0 0 1 1 0 0 
30 0 0 0 0 0 0 0 0 0 0 0 
40 1 0 0 0 0 0 0 0 0 0 0 
50 1 0 0 0 1 0 0 0 0 0 0 
60 1 0 0 0 0 0 0 0 0 0 0 
70 3 0 0 0 0 0 0 0 0 0 0 
80 2 0 1 0 0 0 0 0 0 0 0 
90 2 0 0 0 1 0 0 0 0 0 0 
100 3 0 0 0 1 0 0 0 0 0 0 
200 16 0 2 0 1 0 0 1 1 0 0 
300 37 1 4 0 0 0 0 1 1 0 0 
400 67 2 5 0 2 0 0 1 1 0 0 
500 115 3 7 0 3 0 0 1 1 0 0 
600 158 4 10 0 4 0 0 2 2 0 0 
700 222 5 11 0 5 0 0 1 1 0 0 
800 303 6 13 1 7 0 0 2 2 0 0 
900 388 10 14 0 8 0 0 1 1 0 0 
1000 473 12 19 1 11 6 0 101 101 0 0 
2000 2148 46 43 0 41 8 0 94 94 0 0 
3000 5131 105 59 1 54 8 0 98 98 0 0 
4000 9522 189 81 1 78 9 0 100 100 0 0 
5000 15316 295 104 1 102 9 0 102 102 0 0 
6000 22836 445 166 1 201 12 0 115 115 0 0 
7000 35430 590 151 2 142 10 0 100 100 0 0 
8000 42128 758 176 2 172 12 0 102 102 0 0 
9000 53831 943 204 3 192 12 0 103 103 0 0 